##TITLE= Parameter file, TopSpin 4.1.4
##JCAMPDX= 5.0
##DATATYPE= Parameter Values
##NPOINTS= 17	$$ modification sequence number
##ORIGIN= Bruker BioSpin GmbH
##OWNER= nite
$$ 2022-08-22 16:46:06.306 +0200  ettore@ettore-pc
$$ /media/ettore/PhD Data/PhD/Data/NMR/ETBA/Spider_silk_C16/260722_3p2mm_spidersilk_fibrils_sasm/8/pdata/1/clevels
$$ process /opt/topspin4.1.4/prog/mod/dataserver
##$LEVELS= (0..255)
-9420269.5 -7850224.6 -6541853.8 -5451544.9 -4542954.1 -3785795 -3154829.2
-2629024.3 -2190853.6 -1825711.3 -1521426.1 -1267855.1 -1056545.9 -880454.9
-733712.4 -611427 -509522.5 -424602.1 -353835.1 -294862.6 -245718.8 -204765.7
-170638.1 -142198.4 -118498.7 -98748.9 -82290.7 -68575.6 -57146.3 -47622
-39685 -33070.8 33070.8 39685 47622 57146.3 68575.6 82290.7 98748.9 118498.7
142198.4 170638.1 204765.7 245718.8 294862.6 353835.1 424602.1 509522.5
611427 733712.4 880454.9 1056545.9 1267855.1 1521426.1 1825711.3 2190853.6
2629024.3 3154829.2 3785795 4542954.1 5451544.9 6541853.8 7850224.6 9420269.5
0 0 0 0 0 0 0 0 0 0 0 0 0 0 0 0 0 0 0 0 0 0 0 0 0 0 0 0 0 0 0 0 0 0 0 0
0 0 0 0 0 0 0 0 0 0 0 0 0 0 0 0 0 0 0 0 0 0 0 0 0 0 0 0 0 0 0 0 0 0 0 0
0 0 0 0 0 0 0 0 0 0 0 0 0 0 0 0 0 0 0 0 0 0 0 0 0 0 0 0 0 0 0 0 0 0 0 0
0 0 0 0 0 0 0 0 0 0 0 0 0 0 0 0 0 0 0 0 0 0 0 0 0 0 0 0 0 0 0 0 0 0 0 0
0 0 0 0 0 0 0 0 0 0 0 0 0 0 0 0 0 0 0 0 0 0 0 0 0 0 0 0 0 0 0 0 0 0 0 0
0 0 0 0 0 0 0 0 0 0 0 0
##$LEVSIGN= 3
##$MAXLEV= 32
##$METHOD= 0
##$NEGBASE= -33070.8
##$NEGINCR= 1.2
##$POSBASE= 33070.8
##$POSINCR= 1.2
##END=
