##TITLE= Parameter file, TopSpin 4.1.3
##JCAMPDX= 5.0
##DATATYPE= Parameter Values
##NPOINTS= 17	$$ modification sequence number
##ORIGIN= Bruker BioSpin GmbH
##OWNER= ettore
$$ 2024-03-04 14:36:12.025 +0100  Ettore Bartalucci@Wiegand3
$$ D:/PhD/Data/NMR/ETBA/Spider_silk_C16/080422_3p2mm_spider_silk_C16_etba/900/pdata/1/clevels
$$ process C:\Bruker\TopSpin4.1.3\prog\mod\dataserver.exe
##$LEVELS= (0..255)
-6963875.1 -5803229.3 -4836024.4 -4030020.3 -3358350.2 -2798625.2 -2332187.7
-1943489.7 -1619574.7 -1349645.6 -1124704.7 -937253.9 -781044.9 -650870.8
-542392.3 -451993.6 -376661.4 -313884.4 -261570.4 -217975.3 -181646.1 -151371.8
-126143 -105119.3 -87599.4 -72999.6 -60833 -50694.1 -42245.1 -35204.3 -29336.9
-24447.4 24447.4 29336.9 35204.3 42245.1 50694.1 60833 72999.6 87599.4
105119.3 126143 151371.8 181646.1 217975.3 261570.4 313884.4 376661.4 451993.6
542392.3 650870.8 781044.9 937253.9 1124704.7 1349645.6 1619574.7 1943489.7
2332187.7 2798625.2 3358350.2 4030020.3 4836024.4 5803229.3 6963875.1 0
0 0 0 0 0 0 0 0 0 0 0 0 0 0 0 0 0 0 0 0 0 0 0 0 0 0 0 0 0 0 0 0 0 0 0 0
0 0 0 0 0 0 0 0 0 0 0 0 0 0 0 0 0 0 0 0 0 0 0 0 0 0 0 0 0 0 0 0 0 0 0 0
0 0 0 0 0 0 0 0 0 0 0 0 0 0 0 0 0 0 0 0 0 0 0 0 0 0 0 0 0 0 0 0 0 0 0 0
0 0 0 0 0 0 0 0 0 0 0 0 0 0 0 0 0 0 0 0 0 0 0 0 0 0 0 0 0 0 0 0 0 0 0 0
0 0 0 0 0 0 0 0 0 0 0 0 0 0 0 0 0 0 0 0 0 0 0 0 0 0 0 0 0 0 0 0 0 0 0 0
0 0 0 0 0 0 0 0 0 0 0
##$LEVSIGN= 3
##$MAXLEV= 32
##$METHOD= 0
##$NEGBASE= -24447.4
##$NEGINCR= 1.2
##$POSBASE= 24447.4
##$POSINCR= 1.2
##END=
