##TITLE= 
##JCAMP-DX= 5.00 Bruker JCAMP library
##DATA TYPE= Shape Data
##ORIGIN= Bruker BioSpin GmbH
##OWNER= <ciwa>
##DATE= 2008/04/17
##TIME= 15:34:37
##$SHAPE_PARAMETERS= Type: TangAmplitudeMod ; delta MAS 10000.0 ; dipolar coupling 1763.2698070846507 ; RF field at match 50000.0 ; Ampl. Scaling Factor [%] 50.0
##MINX= 4.000000E01
##MAXX= 6.000000E01
##MINY= 0.000000E00
##MAXY= 0.000000E00
##$SHAPE_EXMODE= Excitation
##$SHAPE_TOTROT= 9.000000E01
##$SHAPE_TYPE= Excitation
##$SHAPE_USER_DEF= 
##$SHAPE_REPHFAC= 
##$SHAPE_BWFAC= 1.118000E00
##$SHAPE_BWFAC50= 
##$SHAPE_INTEGFAC= 5.000000E-01
##$SHAPE_MODE= 0
##NPOINTS= 1000
##XYPOINTS= (XY..XY)
4.000000E01, 0.000000E00
4.016091E01, 0.000000E00
4.031688E01, 0.000000E00
4.046813E01, 0.000000E00
4.061487E01, 0.000000E00
4.075732E01, 0.000000E00
4.089565E01, 0.000000E00
4.103004E01, 0.000000E00
4.116067E01, 0.000000E00
4.128768E01, 0.000000E00
4.141124E01, 0.000000E00
4.153147E01, 0.000000E00
4.164852E01, 0.000000E00
4.176251E01, 0.000000E00
4.187357E01, 0.000000E00
4.198179E01, 0.000000E00
4.208730E01, 0.000000E00
4.219020E01, 0.000000E00
4.229058E01, 0.000000E00
4.238853E01, 0.000000E00
4.248415E01, 0.000000E00
4.257752E01, 0.000000E00
4.266871E01, 0.000000E00
4.275781E01, 0.000000E00
4.284489E01, 0.000000E00
4.293002E01, 0.000000E00
4.301325E01, 0.000000E00
4.309467E01, 0.000000E00
4.317432E01, 0.000000E00
4.325226E01, 0.000000E00
4.332856E01, 0.000000E00
4.340326E01, 0.000000E00
4.347641E01, 0.000000E00
4.354806E01, 0.000000E00
4.361826E01, 0.000000E00
4.368706E01, 0.000000E00
4.375450E01, 0.000000E00
4.382061E01, 0.000000E00
4.388544E01, 0.000000E00
4.394902E01, 0.000000E00
4.401140E01, 0.000000E00
4.407260E01, 0.000000E00
4.413266E01, 0.000000E00
4.419162E01, 0.000000E00
4.424950E01, 0.000000E00
4.430633E01, 0.000000E00
4.436215E01, 0.000000E00
4.441698E01, 0.000000E00
4.447084E01, 0.000000E00
4.452377E01, 0.000000E00
4.457579E01, 0.000000E00
4.462693E01, 0.000000E00
4.467719E01, 0.000000E00
4.472662E01, 0.000000E00
4.477523E01, 0.000000E00
4.482304E01, 0.000000E00
4.487007E01, 0.000000E00
4.491634E01, 0.000000E00
4.496187E01, 0.000000E00
4.500668E01, 0.000000E00
4.505079E01, 0.000000E00
4.509421E01, 0.000000E00
4.513696E01, 0.000000E00
4.517906E01, 0.000000E00
4.522051E01, 0.000000E00
4.526135E01, 0.000000E00
4.530157E01, 0.000000E00
4.534120E01, 0.000000E00
4.538025E01, 0.000000E00
4.541873E01, 0.000000E00
4.545666E01, 0.000000E00
4.549404E01, 0.000000E00
4.553089E01, 0.000000E00
4.556723E01, 0.000000E00
4.560306E01, 0.000000E00
4.563839E01, 0.000000E00
4.567323E01, 0.000000E00
4.570760E01, 0.000000E00
4.574151E01, 0.000000E00
4.577496E01, 0.000000E00
4.580797E01, 0.000000E00
4.584054E01, 0.000000E00
4.587269E01, 0.000000E00
4.590441E01, 0.000000E00
4.593573E01, 0.000000E00
4.596665E01, 0.000000E00
4.599717E01, 0.000000E00
4.602731E01, 0.000000E00
4.605707E01, 0.000000E00
4.608646E01, 0.000000E00
4.611549E01, 0.000000E00
4.614416E01, 0.000000E00
4.617249E01, 0.000000E00
4.620047E01, 0.000000E00
4.622812E01, 0.000000E00
4.625544E01, 0.000000E00
4.628244E01, 0.000000E00
4.630912E01, 0.000000E00
4.633549E01, 0.000000E00
4.636156E01, 0.000000E00
4.638732E01, 0.000000E00
4.641280E01, 0.000000E00
4.643798E01, 0.000000E00
4.646289E01, 0.000000E00
4.648751E01, 0.000000E00
4.651186E01, 0.000000E00
4.653595E01, 0.000000E00
4.655977E01, 0.000000E00
4.658333E01, 0.000000E00
4.660664E01, 0.000000E00
4.662970E01, 0.000000E00
4.665251E01, 0.000000E00
4.667509E01, 0.000000E00
4.669743E01, 0.000000E00
4.671953E01, 0.000000E00
4.674140E01, 0.000000E00
4.676306E01, 0.000000E00
4.678449E01, 0.000000E00
4.680570E01, 0.000000E00
4.682670E01, 0.000000E00
4.684748E01, 0.000000E00
4.686807E01, 0.000000E00
4.688844E01, 0.000000E00
4.690862E01, 0.000000E00
4.692860E01, 0.000000E00
4.694839E01, 0.000000E00
4.696799E01, 0.000000E00
4.698740E01, 0.000000E00
4.700662E01, 0.000000E00
4.702567E01, 0.000000E00
4.704453E01, 0.000000E00
4.706322E01, 0.000000E00
4.708173E01, 0.000000E00
4.710008E01, 0.000000E00
4.711826E01, 0.000000E00
4.713627E01, 0.000000E00
4.715412E01, 0.000000E00
4.717181E01, 0.000000E00
4.718934E01, 0.000000E00
4.720671E01, 0.000000E00
4.722393E01, 0.000000E00
4.724100E01, 0.000000E00
4.725793E01, 0.000000E00
4.727470E01, 0.000000E00
4.729133E01, 0.000000E00
4.730782E01, 0.000000E00
4.732417E01, 0.000000E00
4.734038E01, 0.000000E00
4.735646E01, 0.000000E00
4.737240E01, 0.000000E00
4.738821E01, 0.000000E00
4.740389E01, 0.000000E00
4.741944E01, 0.000000E00
4.743486E01, 0.000000E00
4.745016E01, 0.000000E00
4.746533E01, 0.000000E00
4.748038E01, 0.000000E00
4.749532E01, 0.000000E00
4.751013E01, 0.000000E00
4.752483E01, 0.000000E00
4.753942E01, 0.000000E00
4.755389E01, 0.000000E00
4.756825E01, 0.000000E00
4.758249E01, 0.000000E00
4.759663E01, 0.000000E00
4.761067E01, 0.000000E00
4.762459E01, 0.000000E00
4.763842E01, 0.000000E00
4.765213E01, 0.000000E00
4.766575E01, 0.000000E00
4.767927E01, 0.000000E00
4.769269E01, 0.000000E00
4.770601E01, 0.000000E00
4.771923E01, 0.000000E00
4.773236E01, 0.000000E00
4.774539E01, 0.000000E00
4.775833E01, 0.000000E00
4.777118E01, 0.000000E00
4.778394E01, 0.000000E00
4.779661E01, 0.000000E00
4.780919E01, 0.000000E00
4.782169E01, 0.000000E00
4.783410E01, 0.000000E00
4.784642E01, 0.000000E00
4.785866E01, 0.000000E00
4.787082E01, 0.000000E00
4.788289E01, 0.000000E00
4.789489E01, 0.000000E00
4.790680E01, 0.000000E00
4.791864E01, 0.000000E00
4.793039E01, 0.000000E00
4.794207E01, 0.000000E00
4.795368E01, 0.000000E00
4.796521E01, 0.000000E00
4.797666E01, 0.000000E00
4.798805E01, 0.000000E00
4.799936E01, 0.000000E00
4.801060E01, 0.000000E00
4.802176E01, 0.000000E00
4.803286E01, 0.000000E00
4.804389E01, 0.000000E00
4.805485E01, 0.000000E00
4.806575E01, 0.000000E00
4.807657E01, 0.000000E00
4.808733E01, 0.000000E00
4.809803E01, 0.000000E00
4.810866E01, 0.000000E00
4.811923E01, 0.000000E00
4.812973E01, 0.000000E00
4.814018E01, 0.000000E00
4.815056E01, 0.000000E00
4.816088E01, 0.000000E00
4.817114E01, 0.000000E00
4.818134E01, 0.000000E00
4.819149E01, 0.000000E00
4.820157E01, 0.000000E00
4.821160E01, 0.000000E00
4.822157E01, 0.000000E00
4.823149E01, 0.000000E00
4.824134E01, 0.000000E00
4.825115E01, 0.000000E00
4.826090E01, 0.000000E00
4.827060E01, 0.000000E00
4.828024E01, 0.000000E00
4.828983E01, 0.000000E00
4.829937E01, 0.000000E00
4.830886E01, 0.000000E00
4.831830E01, 0.000000E00
4.832769E01, 0.000000E00
4.833702E01, 0.000000E00
4.834631E01, 0.000000E00
4.835555E01, 0.000000E00
4.836474E01, 0.000000E00
4.837389E01, 0.000000E00
4.838299E01, 0.000000E00
4.839204E01, 0.000000E00
4.840104E01, 0.000000E00
4.841000E01, 0.000000E00
4.841891E01, 0.000000E00
4.842778E01, 0.000000E00
4.843661E01, 0.000000E00
4.844539E01, 0.000000E00
4.845413E01, 0.000000E00
4.846283E01, 0.000000E00
4.847148E01, 0.000000E00
4.848009E01, 0.000000E00
4.848866E01, 0.000000E00
4.849719E01, 0.000000E00
4.850568E01, 0.000000E00
4.851413E01, 0.000000E00
4.852254E01, 0.000000E00
4.853091E01, 0.000000E00
4.853924E01, 0.000000E00
4.854753E01, 0.000000E00
4.855579E01, 0.000000E00
4.856400E01, 0.000000E00
4.857218E01, 0.000000E00
4.858033E01, 0.000000E00
4.858843E01, 0.000000E00
4.859650E01, 0.000000E00
4.860453E01, 0.000000E00
4.861253E01, 0.000000E00
4.862050E01, 0.000000E00
4.862842E01, 0.000000E00
4.863632E01, 0.000000E00
4.864418E01, 0.000000E00
4.865201E01, 0.000000E00
4.865980E01, 0.000000E00
4.866756E01, 0.000000E00
4.867529E01, 0.000000E00
4.868298E01, 0.000000E00
4.869064E01, 0.000000E00
4.869827E01, 0.000000E00
4.870587E01, 0.000000E00
4.871344E01, 0.000000E00
4.872098E01, 0.000000E00
4.872849E01, 0.000000E00
4.873596E01, 0.000000E00
4.874341E01, 0.000000E00
4.875083E01, 0.000000E00
4.875822E01, 0.000000E00
4.876557E01, 0.000000E00
4.877291E01, 0.000000E00
4.878021E01, 0.000000E00
4.878748E01, 0.000000E00
4.879473E01, 0.000000E00
4.880194E01, 0.000000E00
4.880913E01, 0.000000E00
4.881630E01, 0.000000E00
4.882344E01, 0.000000E00
4.883055E01, 0.000000E00
4.883763E01, 0.000000E00
4.884469E01, 0.000000E00
4.885172E01, 0.000000E00
4.885873E01, 0.000000E00
4.886571E01, 0.000000E00
4.887266E01, 0.000000E00
4.887959E01, 0.000000E00
4.888650E01, 0.000000E00
4.889338E01, 0.000000E00
4.890024E01, 0.000000E00
4.890708E01, 0.000000E00
4.891389E01, 0.000000E00
4.892067E01, 0.000000E00
4.892744E01, 0.000000E00
4.893418E01, 0.000000E00
4.894090E01, 0.000000E00
4.894759E01, 0.000000E00
4.895427E01, 0.000000E00
4.896092E01, 0.000000E00
4.896755E01, 0.000000E00
4.897416E01, 0.000000E00
4.898074E01, 0.000000E00
4.898731E01, 0.000000E00
4.899385E01, 0.000000E00
4.900038E01, 0.000000E00
4.900688E01, 0.000000E00
4.901336E01, 0.000000E00
4.901982E01, 0.000000E00
4.902627E01, 0.000000E00
4.903269E01, 0.000000E00
4.903909E01, 0.000000E00
4.904547E01, 0.000000E00
4.905184E01, 0.000000E00
4.905818E01, 0.000000E00
4.906451E01, 0.000000E00
4.907081E01, 0.000000E00
4.907710E01, 0.000000E00
4.908337E01, 0.000000E00
4.908962E01, 0.000000E00
4.909586E01, 0.000000E00
4.910207E01, 0.000000E00
4.910827E01, 0.000000E00
4.911445E01, 0.000000E00
4.912062E01, 0.000000E00
4.912676E01, 0.000000E00
4.913289E01, 0.000000E00
4.913900E01, 0.000000E00
4.914510E01, 0.000000E00
4.915118E01, 0.000000E00
4.915724E01, 0.000000E00
4.916329E01, 0.000000E00
4.916932E01, 0.000000E00
4.917533E01, 0.000000E00
4.918133E01, 0.000000E00
4.918732E01, 0.000000E00
4.919329E01, 0.000000E00
4.919924E01, 0.000000E00
4.920518E01, 0.000000E00
4.921110E01, 0.000000E00
4.921701E01, 0.000000E00
4.922290E01, 0.000000E00
4.922878E01, 0.000000E00
4.923465E01, 0.000000E00
4.924050E01, 0.000000E00
4.924633E01, 0.000000E00
4.925215E01, 0.000000E00
4.925796E01, 0.000000E00
4.926376E01, 0.000000E00
4.926954E01, 0.000000E00
4.927531E01, 0.000000E00
4.928106E01, 0.000000E00
4.928680E01, 0.000000E00
4.929253E01, 0.000000E00
4.929825E01, 0.000000E00
4.930395E01, 0.000000E00
4.930964E01, 0.000000E00
4.931532E01, 0.000000E00
4.932099E01, 0.000000E00
4.932664E01, 0.000000E00
4.933228E01, 0.000000E00
4.933791E01, 0.000000E00
4.934353E01, 0.000000E00
4.934914E01, 0.000000E00
4.935473E01, 0.000000E00
4.936031E01, 0.000000E00
4.936589E01, 0.000000E00
4.937145E01, 0.000000E00
4.937700E01, 0.000000E00
4.938254E01, 0.000000E00
4.938806E01, 0.000000E00
4.939358E01, 0.000000E00
4.939909E01, 0.000000E00
4.940458E01, 0.000000E00
4.941007E01, 0.000000E00
4.941555E01, 0.000000E00
4.942101E01, 0.000000E00
4.942647E01, 0.000000E00
4.943191E01, 0.000000E00
4.943735E01, 0.000000E00
4.944277E01, 0.000000E00
4.944819E01, 0.000000E00
4.945360E01, 0.000000E00
4.945899E01, 0.000000E00
4.946438E01, 0.000000E00
4.946976E01, 0.000000E00
4.947513E01, 0.000000E00
4.948049E01, 0.000000E00
4.948584E01, 0.000000E00
4.949119E01, 0.000000E00
4.949652E01, 0.000000E00
4.950185E01, 0.000000E00
4.950717E01, 0.000000E00
4.951248E01, 0.000000E00
4.951778E01, 0.000000E00
4.952307E01, 0.000000E00
4.952836E01, 0.000000E00
4.953364E01, 0.000000E00
4.953891E01, 0.000000E00
4.954417E01, 0.000000E00
4.954942E01, 0.000000E00
4.955467E01, 0.000000E00
4.955991E01, 0.000000E00
4.956514E01, 0.000000E00
4.957037E01, 0.000000E00
4.957558E01, 0.000000E00
4.958080E01, 0.000000E00
4.958600E01, 0.000000E00
4.959120E01, 0.000000E00
4.959639E01, 0.000000E00
4.960157E01, 0.000000E00
4.960675E01, 0.000000E00
4.961192E01, 0.000000E00
4.961708E01, 0.000000E00
4.962224E01, 0.000000E00
4.962739E01, 0.000000E00
4.963254E01, 0.000000E00
4.963768E01, 0.000000E00
4.964281E01, 0.000000E00
4.964794E01, 0.000000E00
4.965307E01, 0.000000E00
4.965818E01, 0.000000E00
4.966329E01, 0.000000E00
4.966840E01, 0.000000E00
4.967350E01, 0.000000E00
4.967860E01, 0.000000E00
4.968369E01, 0.000000E00
4.968877E01, 0.000000E00
4.969385E01, 0.000000E00
4.969893E01, 0.000000E00
4.970400E01, 0.000000E00
4.970906E01, 0.000000E00
4.971412E01, 0.000000E00
4.971918E01, 0.000000E00
4.972423E01, 0.000000E00
4.972928E01, 0.000000E00
4.973432E01, 0.000000E00
4.973936E01, 0.000000E00
4.974439E01, 0.000000E00
4.974942E01, 0.000000E00
4.975445E01, 0.000000E00
4.975947E01, 0.000000E00
4.976449E01, 0.000000E00
4.976951E01, 0.000000E00
4.977452E01, 0.000000E00
4.977953E01, 0.000000E00
4.978453E01, 0.000000E00
4.978953E01, 0.000000E00
4.979453E01, 0.000000E00
4.979952E01, 0.000000E00
4.980451E01, 0.000000E00
4.980950E01, 0.000000E00
4.981449E01, 0.000000E00
4.981947E01, 0.000000E00
4.982445E01, 0.000000E00
4.982942E01, 0.000000E00
4.983440E01, 0.000000E00
4.983937E01, 0.000000E00
4.984434E01, 0.000000E00
4.984930E01, 0.000000E00
4.985427E01, 0.000000E00
4.985923E01, 0.000000E00
4.986419E01, 0.000000E00
4.986914E01, 0.000000E00
4.987410E01, 0.000000E00
4.987905E01, 0.000000E00
4.988400E01, 0.000000E00
4.988895E01, 0.000000E00
4.989390E01, 0.000000E00
4.989885E01, 0.000000E00
4.990379E01, 0.000000E00
4.990873E01, 0.000000E00
4.991368E01, 0.000000E00
4.991862E01, 0.000000E00
4.992355E01, 0.000000E00
4.992849E01, 0.000000E00
4.993343E01, 0.000000E00
4.993836E01, 0.000000E00
4.994330E01, 0.000000E00
4.994823E01, 0.000000E00
4.995316E01, 0.000000E00
4.995810E01, 0.000000E00
4.996303E01, 0.000000E00
4.996796E01, 0.000000E00
4.997289E01, 0.000000E00
4.997782E01, 0.000000E00
4.998275E01, 0.000000E00
4.998768E01, 0.000000E00
4.999261E01, 0.000000E00
4.999754E01, 0.000000E00
5.000246E01, 0.000000E00
5.000739E01, 0.000000E00
5.001232E01, 0.000000E00
5.001725E01, 0.000000E00
5.002218E01, 0.000000E00
5.002711E01, 0.000000E00
5.003204E01, 0.000000E00
5.003697E01, 0.000000E00
5.004190E01, 0.000000E00
5.004684E01, 0.000000E00
5.005177E01, 0.000000E00
5.005670E01, 0.000000E00
5.006164E01, 0.000000E00
5.006657E01, 0.000000E00
5.007151E01, 0.000000E00
5.007645E01, 0.000000E00
5.008138E01, 0.000000E00
5.008632E01, 0.000000E00
5.009127E01, 0.000000E00
5.009621E01, 0.000000E00
5.010115E01, 0.000000E00
5.010610E01, 0.000000E00
5.011105E01, 0.000000E00
5.011600E01, 0.000000E00
5.012095E01, 0.000000E00
5.012590E01, 0.000000E00
5.013086E01, 0.000000E00
5.013581E01, 0.000000E00
5.014077E01, 0.000000E00
5.014573E01, 0.000000E00
5.015070E01, 0.000000E00
5.015566E01, 0.000000E00
5.016063E01, 0.000000E00
5.016560E01, 0.000000E00
5.017058E01, 0.000000E00
5.017555E01, 0.000000E00
5.018053E01, 0.000000E00
5.018551E01, 0.000000E00
5.019050E01, 0.000000E00
5.019549E01, 0.000000E00
5.020048E01, 0.000000E00
5.020547E01, 0.000000E00
5.021047E01, 0.000000E00
5.021547E01, 0.000000E00
5.022047E01, 0.000000E00
5.022548E01, 0.000000E00
5.023049E01, 0.000000E00
5.023551E01, 0.000000E00
5.024053E01, 0.000000E00
5.024555E01, 0.000000E00
5.025058E01, 0.000000E00
5.025561E01, 0.000000E00
5.026064E01, 0.000000E00
5.026568E01, 0.000000E00
5.027072E01, 0.000000E00
5.027577E01, 0.000000E00
5.028082E01, 0.000000E00
5.028588E01, 0.000000E00
5.029094E01, 0.000000E00
5.029600E01, 0.000000E00
5.030107E01, 0.000000E00
5.030615E01, 0.000000E00
5.031123E01, 0.000000E00
5.031631E01, 0.000000E00
5.032140E01, 0.000000E00
5.032650E01, 0.000000E00
5.033160E01, 0.000000E00
5.033671E01, 0.000000E00
5.034182E01, 0.000000E00
5.034693E01, 0.000000E00
5.035206E01, 0.000000E00
5.035719E01, 0.000000E00
5.036232E01, 0.000000E00
5.036746E01, 0.000000E00
5.037261E01, 0.000000E00
5.037776E01, 0.000000E00
5.038292E01, 0.000000E00
5.038808E01, 0.000000E00
5.039325E01, 0.000000E00
5.039843E01, 0.000000E00
5.040361E01, 0.000000E00
5.040880E01, 0.000000E00
5.041400E01, 0.000000E00
5.041920E01, 0.000000E00
5.042442E01, 0.000000E00
5.042963E01, 0.000000E00
5.043486E01, 0.000000E00
5.044009E01, 0.000000E00
5.044533E01, 0.000000E00
5.045058E01, 0.000000E00
5.045583E01, 0.000000E00
5.046109E01, 0.000000E00
5.046636E01, 0.000000E00
5.047164E01, 0.000000E00
5.047693E01, 0.000000E00
5.048222E01, 0.000000E00
5.048752E01, 0.000000E00
5.049283E01, 0.000000E00
5.049815E01, 0.000000E00
5.050348E01, 0.000000E00
5.050881E01, 0.000000E00
5.051416E01, 0.000000E00
5.051951E01, 0.000000E00
5.052487E01, 0.000000E00
5.053024E01, 0.000000E00
5.053562E01, 0.000000E00
5.054101E01, 0.000000E00
5.054640E01, 0.000000E00
5.055181E01, 0.000000E00
5.055723E01, 0.000000E00
5.056265E01, 0.000000E00
5.056809E01, 0.000000E00
5.057353E01, 0.000000E00
5.057899E01, 0.000000E00
5.058445E01, 0.000000E00
5.058993E01, 0.000000E00
5.059542E01, 0.000000E00
5.060091E01, 0.000000E00
5.060642E01, 0.000000E00
5.061194E01, 0.000000E00
5.061746E01, 0.000000E00
5.062300E01, 0.000000E00
5.062855E01, 0.000000E00
5.063411E01, 0.000000E00
5.063969E01, 0.000000E00
5.064527E01, 0.000000E00
5.065086E01, 0.000000E00
5.065647E01, 0.000000E00
5.066209E01, 0.000000E00
5.066772E01, 0.000000E00
5.067336E01, 0.000000E00
5.067901E01, 0.000000E00
5.068468E01, 0.000000E00
5.069036E01, 0.000000E00
5.069605E01, 0.000000E00
5.070175E01, 0.000000E00
5.070747E01, 0.000000E00
5.071320E01, 0.000000E00
5.071894E01, 0.000000E00
5.072469E01, 0.000000E00
5.073046E01, 0.000000E00
5.073624E01, 0.000000E00
5.074204E01, 0.000000E00
5.074785E01, 0.000000E00
5.075367E01, 0.000000E00
5.075950E01, 0.000000E00
5.076535E01, 0.000000E00
5.077122E01, 0.000000E00
5.077710E01, 0.000000E00
5.078299E01, 0.000000E00
5.078890E01, 0.000000E00
5.079482E01, 0.000000E00
5.080076E01, 0.000000E00
5.080671E01, 0.000000E00
5.081268E01, 0.000000E00
5.081867E01, 0.000000E00
5.082467E01, 0.000000E00
5.083068E01, 0.000000E00
5.083671E01, 0.000000E00
5.084276E01, 0.000000E00
5.084882E01, 0.000000E00
5.085490E01, 0.000000E00
5.086100E01, 0.000000E00
5.086711E01, 0.000000E00
5.087324E01, 0.000000E00
5.087938E01, 0.000000E00
5.088555E01, 0.000000E00
5.089173E01, 0.000000E00
5.089793E01, 0.000000E00
5.090414E01, 0.000000E00
5.091038E01, 0.000000E00
5.091663E01, 0.000000E00
5.092290E01, 0.000000E00
5.092919E01, 0.000000E00
5.093549E01, 0.000000E00
5.094182E01, 0.000000E00
5.094816E01, 0.000000E00
5.095453E01, 0.000000E00
5.096091E01, 0.000000E00
5.096731E01, 0.000000E00
5.097373E01, 0.000000E00
5.098018E01, 0.000000E00
5.098664E01, 0.000000E00
5.099312E01, 0.000000E00
5.099962E01, 0.000000E00
5.100615E01, 0.000000E00
5.101269E01, 0.000000E00
5.101926E01, 0.000000E00
5.102584E01, 0.000000E00
5.103245E01, 0.000000E00
5.103908E01, 0.000000E00
5.104573E01, 0.000000E00
5.105241E01, 0.000000E00
5.105910E01, 0.000000E00
5.106582E01, 0.000000E00
5.107256E01, 0.000000E00
5.107933E01, 0.000000E00
5.108611E01, 0.000000E00
5.109292E01, 0.000000E00
5.109976E01, 0.000000E00
5.110662E01, 0.000000E00
5.111350E01, 0.000000E00
5.112041E01, 0.000000E00
5.112734E01, 0.000000E00
5.113429E01, 0.000000E00
5.114127E01, 0.000000E00
5.114828E01, 0.000000E00
5.115531E01, 0.000000E00
5.116237E01, 0.000000E00
5.116945E01, 0.000000E00
5.117656E01, 0.000000E00
5.118370E01, 0.000000E00
5.119087E01, 0.000000E00
5.119806E01, 0.000000E00
5.120527E01, 0.000000E00
5.121252E01, 0.000000E00
5.121979E01, 0.000000E00
5.122709E01, 0.000000E00
5.123443E01, 0.000000E00
5.124178E01, 0.000000E00
5.124917E01, 0.000000E00
5.125659E01, 0.000000E00
5.126404E01, 0.000000E00
5.127151E01, 0.000000E00
5.127902E01, 0.000000E00
5.128656E01, 0.000000E00
5.129413E01, 0.000000E00
5.130173E01, 0.000000E00
5.130936E01, 0.000000E00
5.131702E01, 0.000000E00
5.132471E01, 0.000000E00
5.133244E01, 0.000000E00
5.134020E01, 0.000000E00
5.134799E01, 0.000000E00
5.135582E01, 0.000000E00
5.136368E01, 0.000000E00
5.137158E01, 0.000000E00
5.137950E01, 0.000000E00
5.138747E01, 0.000000E00
5.139547E01, 0.000000E00
5.140350E01, 0.000000E00
5.141157E01, 0.000000E00
5.141967E01, 0.000000E00
5.142782E01, 0.000000E00
5.143600E01, 0.000000E00
5.144421E01, 0.000000E00
5.145247E01, 0.000000E00
5.146076E01, 0.000000E00
5.146909E01, 0.000000E00
5.147746E01, 0.000000E00
5.148587E01, 0.000000E00
5.149432E01, 0.000000E00
5.150281E01, 0.000000E00
5.151134E01, 0.000000E00
5.151991E01, 0.000000E00
5.152852E01, 0.000000E00
5.153717E01, 0.000000E00
5.154587E01, 0.000000E00
5.155461E01, 0.000000E00
5.156339E01, 0.000000E00
5.157222E01, 0.000000E00
5.158109E01, 0.000000E00
5.159000E01, 0.000000E00
5.159896E01, 0.000000E00
5.160796E01, 0.000000E00
5.161701E01, 0.000000E00
5.162611E01, 0.000000E00
5.163526E01, 0.000000E00
5.164445E01, 0.000000E00
5.165369E01, 0.000000E00
5.166298E01, 0.000000E00
5.167231E01, 0.000000E00
5.168170E01, 0.000000E00
5.169114E01, 0.000000E00
5.170063E01, 0.000000E00
5.171017E01, 0.000000E00
5.171976E01, 0.000000E00
5.172940E01, 0.000000E00
5.173910E01, 0.000000E00
5.174885E01, 0.000000E00
5.175866E01, 0.000000E00
5.176851E01, 0.000000E00
5.177843E01, 0.000000E00
5.178840E01, 0.000000E00
5.179843E01, 0.000000E00
5.180851E01, 0.000000E00
5.181866E01, 0.000000E00
5.182886E01, 0.000000E00
5.183912E01, 0.000000E00
5.184944E01, 0.000000E00
5.185982E01, 0.000000E00
5.187027E01, 0.000000E00
5.188077E01, 0.000000E00
5.189134E01, 0.000000E00
5.190197E01, 0.000000E00
5.191267E01, 0.000000E00
5.192343E01, 0.000000E00
5.193425E01, 0.000000E00
5.194515E01, 0.000000E00
5.195611E01, 0.000000E00
5.196714E01, 0.000000E00
5.197824E01, 0.000000E00
5.198940E01, 0.000000E00
5.200064E01, 0.000000E00
5.201195E01, 0.000000E00
5.202334E01, 0.000000E00
5.203479E01, 0.000000E00
5.204632E01, 0.000000E00
5.205793E01, 0.000000E00
5.206961E01, 0.000000E00
5.208136E01, 0.000000E00
5.209320E01, 0.000000E00
5.210511E01, 0.000000E00
5.211711E01, 0.000000E00
5.212918E01, 0.000000E00
5.214134E01, 0.000000E00
5.215358E01, 0.000000E00
5.216590E01, 0.000000E00
5.217831E01, 0.000000E00
5.219081E01, 0.000000E00
5.220339E01, 0.000000E00
5.221606E01, 0.000000E00
5.222882E01, 0.000000E00
5.224167E01, 0.000000E00
5.225461E01, 0.000000E00
5.226764E01, 0.000000E00
5.228077E01, 0.000000E00
5.229399E01, 0.000000E00
5.230731E01, 0.000000E00
5.232073E01, 0.000000E00
5.233425E01, 0.000000E00
5.234787E01, 0.000000E00
5.236158E01, 0.000000E00
5.237541E01, 0.000000E00
5.238933E01, 0.000000E00
5.240337E01, 0.000000E00
5.241751E01, 0.000000E00
5.243175E01, 0.000000E00
5.244611E01, 0.000000E00
5.246058E01, 0.000000E00
5.247517E01, 0.000000E00
5.248987E01, 0.000000E00
5.250468E01, 0.000000E00
5.251962E01, 0.000000E00
5.253467E01, 0.000000E00
5.254984E01, 0.000000E00
5.256514E01, 0.000000E00
5.258056E01, 0.000000E00
5.259611E01, 0.000000E00
5.261179E01, 0.000000E00
5.262760E01, 0.000000E00
5.264354E01, 0.000000E00
5.265962E01, 0.000000E00
5.267583E01, 0.000000E00
5.269218E01, 0.000000E00
5.270867E01, 0.000000E00
5.272530E01, 0.000000E00
5.274207E01, 0.000000E00
5.275900E01, 0.000000E00
5.277607E01, 0.000000E00
5.279329E01, 0.000000E00
5.281066E01, 0.000000E00
5.282819E01, 0.000000E00
5.284588E01, 0.000000E00
5.286373E01, 0.000000E00
5.288174E01, 0.000000E00
5.289992E01, 0.000000E00
5.291827E01, 0.000000E00
5.293678E01, 0.000000E00
5.295547E01, 0.000000E00
5.297433E01, 0.000000E00
5.299338E01, 0.000000E00
5.301260E01, 0.000000E00
5.303201E01, 0.000000E00
5.305161E01, 0.000000E00
5.307140E01, 0.000000E00
5.309138E01, 0.000000E00
5.311156E01, 0.000000E00
5.313193E01, 0.000000E00
5.315252E01, 0.000000E00
5.317330E01, 0.000000E00
5.319430E01, 0.000000E00
5.321551E01, 0.000000E00
5.323694E01, 0.000000E00
5.325860E01, 0.000000E00
5.328047E01, 0.000000E00
5.330257E01, 0.000000E00
5.332491E01, 0.000000E00
5.334749E01, 0.000000E00
5.337030E01, 0.000000E00
5.339336E01, 0.000000E00
5.341667E01, 0.000000E00
5.344023E01, 0.000000E00
5.346405E01, 0.000000E00
5.348814E01, 0.000000E00
5.351249E01, 0.000000E00
5.353711E01, 0.000000E00
5.356202E01, 0.000000E00
5.358720E01, 0.000000E00
5.361268E01, 0.000000E00
5.363844E01, 0.000000E00
5.366451E01, 0.000000E00
5.369088E01, 0.000000E00
5.371756E01, 0.000000E00
5.374456E01, 0.000000E00
5.377188E01, 0.000000E00
5.379953E01, 0.000000E00
5.382751E01, 0.000000E00
5.385584E01, 0.000000E00
5.388451E01, 0.000000E00
5.391354E01, 0.000000E00
5.394293E01, 0.000000E00
5.397269E01, 0.000000E00
5.400283E01, 0.000000E00
5.403335E01, 0.000000E00
5.406427E01, 0.000000E00
5.409559E01, 0.000000E00
5.412731E01, 0.000000E00
5.415946E01, 0.000000E00
5.419203E01, 0.000000E00
5.422504E01, 0.000000E00
5.425849E01, 0.000000E00
5.429240E01, 0.000000E00
5.432677E01, 0.000000E00
5.436161E01, 0.000000E00
5.439694E01, 0.000000E00
5.443277E01, 0.000000E00
5.446911E01, 0.000000E00
5.450596E01, 0.000000E00
5.454334E01, 0.000000E00
5.458127E01, 0.000000E00
5.461975E01, 0.000000E00
5.465880E01, 0.000000E00
5.469843E01, 0.000000E00
5.473865E01, 0.000000E00
5.477949E01, 0.000000E00
5.482094E01, 0.000000E00
5.486304E01, 0.000000E00
5.490579E01, 0.000000E00
5.494921E01, 0.000000E00
5.499332E01, 0.000000E00
5.503813E01, 0.000000E00
5.508366E01, 0.000000E00
5.512993E01, 0.000000E00
5.517696E01, 0.000000E00
5.522477E01, 0.000000E00
5.527338E01, 0.000000E00
5.532281E01, 0.000000E00
5.537307E01, 0.000000E00
5.542421E01, 0.000000E00
5.547623E01, 0.000000E00
5.552916E01, 0.000000E00
5.558302E01, 0.000000E00
5.563785E01, 0.000000E00
5.569367E01, 0.000000E00
5.575050E01, 0.000000E00
5.580838E01, 0.000000E00
5.586734E01, 0.000000E00
5.592740E01, 0.000000E00
5.598860E01, 0.000000E00
5.605098E01, 0.000000E00
5.611456E01, 0.000000E00
5.617939E01, 0.000000E00
5.624550E01, 0.000000E00
5.631294E01, 0.000000E00
5.638174E01, 0.000000E00
5.645194E01, 0.000000E00
5.652359E01, 0.000000E00
5.659674E01, 0.000000E00
5.667144E01, 0.000000E00
5.674774E01, 0.000000E00
5.682568E01, 0.000000E00
5.690533E01, 0.000000E00
5.698675E01, 0.000000E00
5.706998E01, 0.000000E00
5.715511E01, 0.000000E00
5.724219E01, 0.000000E00
5.733129E01, 0.000000E00
5.742248E01, 0.000000E00
5.751585E01, 0.000000E00
5.761147E01, 0.000000E00
5.770942E01, 0.000000E00
5.780980E01, 0.000000E00
5.791270E01, 0.000000E00
5.801821E01, 0.000000E00
5.812643E01, 0.000000E00
5.823749E01, 0.000000E00
5.835148E01, 0.000000E00
5.846853E01, 0.000000E00
5.858876E01, 0.000000E00
5.871232E01, 0.000000E00
5.883933E01, 0.000000E00
5.896996E01, 0.000000E00
5.910435E01, 0.000000E00
5.924268E01, 0.000000E00
5.938513E01, 0.000000E00
5.953187E01, 0.000000E00
5.968312E01, 0.000000E00
5.983909E01, 0.000000E00
6.000000E01, 0.000000E00
##END
