O 176.101603
-4000000
-3984344
-3968689
-3953033
-3937378
-3921722
-3906067
-3890411
-3874755
-3859100
-3843444
-3827789
-3812133
-3796477
-3780822
-3765166
-3749511
-3733855
-3718200
-3702544
-3686888
-3671233
-3655577
-3639922
-3624266
-3608611
-3592955
-3577299
-3561644
-3545988
-3530333
-3514677
-3499022
-3483366
-3467710
-3452055
-3436399
-3420744
-3405088
-3389432
-3373777
-3358121
-3342466
-3326810
-3311155
-3295499
-3279843
-3264188
-3248532
-3232877
-3217221
-3201566
-3185910
-3170254
-3154599
-3138943
-3123288
-3107632
-3091977
-3076321
-3060665
-3045010
-3029354
-3013699
-2998043
-2982387
-2966732
-2951076
-2935421
-2919765
-2904110
-2888454
-2872798
-2857143
-2841487
-2825832
-2810176
-2794521
-2778865
-2763209
-2747554
-2731898
-2716243
-2700587
-2684932
-2669276
-2653620
-2637965
-2622309
-2606654
-2590998
-2575342
-2559687
-2544031
-2528376
-2512720
-2497065
-2481409
-2465753
-2450098
-2434442
-2418787
-2403131
-2387476
-2371820
-2356164
-2340509
-2324853
-2309198
-2293542
-2277886
-2262231
-2246575
-2230920
-2215264
-2199609
-2183953
-2168297
-2152642
-2136986
-2121331
-2105675
-2090020
-2074364
-2058708
-2043053
-2027397
-2011742
-1996086
-1980431
-1964775
-1949119
-1933464
-1917808
-1902153
-1886497
-1870841
-1855186
-1839530
-1823875
-1808219
-1792564
-1776908
-1761252
-1745597
-1729941
-1714286
-1698630
-1682975
-1667319
-1651663
-1636008
-1620352
-1604697
-1589041
-1573386
-1557730
-1542074
-1526419
-1510763
-1495108
-1479452
-1463796
-1448141
-1432485
-1416830
-1401174
-1385519
-1369863
-1354207
-1338552
-1322896
-1307241
-1291585
-1275930
-1260274
-1244618
-1228963
-1213307
-1197652
-1181996
-1166341
-1150685
-1135029
-1119374
-1103718
-1088063
-1072407
-1056751
-1041096
-1025440
-1009785
 -994129
 -978474
 -962818
 -947162
 -931507
 -915851
 -900196
 -884540
 -868885
 -853229
 -837573
 -821918
 -806262
 -790607
 -774951
 -759295
 -743640
 -727984
 -712329
 -696673
 -681018
 -665362
 -649706
 -634051
 -618395
 -602740
 -587084
 -571429
 -555773
 -540117
 -524462
 -508806
 -493151
 -477495
 -461840
 -446184
 -430528
 -414873
 -399217
 -383562
 -367906
 -352250
 -336595
 -320939
 -305284
 -289628
 -273973
 -258317
 -242661
 -227006
 -211350
 -195695
 -180039
 -164384
 -148728
 -133072
 -117417
 -101761
  -86106
  -70450
  -54795
  -39139
  -23483
   -7828
    7828
   23483
   39139
   54795
   70450
   86106
  101761
  117417
  133072
  148728
  164384
  180039
  195695
  211350
  227006
  242661
  258317
  273973
  289628
  305284
  320939
  336595
  352250
  367906
  383562
  399217
  414873
  430528
  446184
  461840
  477495
  493151
  508806
  524462
  540117
  555773
  571429
  587084
  602740
  618395
  634051
  649706
  665362
  681018
  696673
  712329
  727984
  743640
  759295
  774951
  790607
  806262
  821918
  837573
  853229
  868885
  884540
  900196
  915851
  931507
  947162
  962818
  978474
  994129
 1009785
 1025440
 1041096
 1056751
 1072407
 1088063
 1103718
 1119374
 1135029
 1150685
 1166341
 1181996
 1197652
 1213307
 1228963
 1244618
 1260274
 1275930
 1291585
 1307241
 1322896
 1338552
 1354207
 1369863
 1385519
 1401174
 1416830
 1432485
 1448141
 1463796
 1479452
 1495108
 1510763
 1526419
 1542074
 1557730
 1573386
 1589041
 1604697
 1620352
 1636008
 1651663
 1667319
 1682975
 1698630
 1714286
 1729941
 1745597
 1761252
 1776908
 1792564
 1808219
 1823875
 1839530
 1855186
 1870841
 1886497
 1902153
 1917808
 1933464
 1949119
 1964775
 1980431
 1996086
 2011742
 2027397
 2043053
 2058708
 2074364
 2090020
 2105675
 2121331
 2136986
 2152642
 2168297
 2183953
 2199609
 2215264
 2230920
 2246575
 2262231
 2277886
 2293542
 2309198
 2324853
 2340509
 2356164
 2371820
 2387476
 2403131
 2418787
 2434442
 2450098
 2465753
 2481409
 2497065
 2512720
 2528376
 2544031
 2559687
 2575342
 2590998
 2606654
 2622309
 2637965
 2653620
 2669276
 2684932
 2700587
 2716243
 2731898
 2747554
 2763209
 2778865
 2794521
 2810176
 2825832
 2841487
 2857143
 2872798
 2888454
 2904110
 2919765
 2935421
 2951076
 2966732
 2982387
 2998043
 3013699
 3029354
 3045010
 3060665
 3076321
 3091977
 3107632
 3123288
 3138943
 3154599
 3170254
 3185910
 3201566
 3217221
 3232877
 3248532
 3264188
 3279843
 3295499
 3311155
 3326810
 3342466
 3358121
 3373777
 3389432
 3405088
 3420744
 3436399
 3452055
 3467710
 3483366
 3499022
 3514677
 3530333
 3545988
 3561644
 3577299
 3592955
 3608611
 3624266
 3639922
 3655577
 3671233
 3686888
 3702544
 3718200
 3733855
 3749511
 3765166
 3780822
 3796477
 3812133
 3827789
 3843444
 3859100
 3874755
 3890411
 3906067
 3921722
 3937378
 3953033
 3968689
 3984344
 4000000
