##TITLE= Parameter file, TopSpin 4.1.4
##JCAMPDX= 5.0
##DATATYPE= Parameter Values
##NPOINTS= 17	$$ modification sequence number
##ORIGIN= Bruker BioSpin GmbH
##OWNER= etba
$$ 2022-08-22 13:57:25.620 +0200  ettore@ettore-pc
$$ /media/ettore/PhD Data/PhD/Data/NMR/ETBA/Spider_silk_C16/080322_3p2mm_spider_silk_etba_sasm/900/pdata/1/clevels
$$ process /opt/topspin4.1.4/prog/mod/dataserver
##$LEVELS= (0..255)
-5855893.3 -4879911 -4066592.5 -3388827.1 -2824022.6 -2353352.2 -1961126.8
-1634272.3 -1361893.6 -1134911.3 -945759.5 -788132.9 -656777.4 -547314.5
-456095.4 -380079.5 -316732.9 -263944.1 -219953.4 -183294.5 -152745.4 -127287.9
-106073.2 -88394.3 -73662 -61385 -51154.1 -42628.4 -35523.7 -29603.1 -24669.2
-20557.7 20557.7 24669.2 29603.1 35523.7 42628.4 51154.1 61385 73662 88394.3
106073.2 127287.9 152745.4 183294.5 219953.4 263944.1 316732.9 380079.5
456095.4 547314.5 656777.4 788132.9 945759.5 1134911.3 1361893.6 1634272.3
1961126.8 2353352.2 2824022.6 3388827.1 4066592.5 4879911 5855893.3 0 0
0 0 0 0 0 0 0 0 0 0 0 0 0 0 0 0 0 0 0 0 0 0 0 0 0 0 0 0 0 0 0 0 0 0 0 0
0 0 0 0 0 0 0 0 0 0 0 0 0 0 0 0 0 0 0 0 0 0 0 0 0 0 0 0 0 0 0 0 0 0 0 0
0 0 0 0 0 0 0 0 0 0 0 0 0 0 0 0 0 0 0 0 0 0 0 0 0 0 0 0 0 0 0 0 0 0 0 0
0 0 0 0 0 0 0 0 0 0 0 0 0 0 0 0 0 0 0 0 0 0 0 0 0 0 0 0 0 0 0 0 0 0 0 0
0 0 0 0 0 0 0 0 0 0 0 0 0 0 0 0 0 0 0 0 0 0 0 0 0 0 0 0 0 0 0 0 0 0 0 0
0 0 0 0 0 0 0 0 0 0
##$LEVSIGN= 3
##$MAXLEV= 32
##$METHOD= 0
##$NEGBASE= -20557.7
##$NEGINCR= 1.2
##$POSBASE= 20557.7
##$POSINCR= 1.2
##END=
